551.6012706,393.01451385201693,0
543.6211762,408.6565848615271,0
551.2052601,372.02201357478293,0
548.9140464,401.8071594,0
544.6207986,338.51668220520173,0
551.6414394,354.1946331968146,0
549.9386353,414.43229606269244,0
548.9313937,408.06659564418663,0
544.0109392,394.8216765898479,0
544.4119171,367.85030508175623,0
543.0853137,364.0463180839984,0
546.2744885,411.3374508188923,0
552.5390835,344.2468508670495,0
548.998704,366.0804550055338,0
551.3906688,378.01799726694344,0
548.5212895,347.6738397,0
552.9120055,359.84631868236875,0
551.868713,382.7215566260512,0
546.4549994,317.7993655113554,0
548.9136287,322.4817914341174,0
551.70391,359.4994999223177,0
550.1924084,406.5793762715041,0
551.7327182,407.19390734391925,0
548.24187,402.33768729635705,0
550.2805824,348.77041753702235,0
549.3391485,396.1919795350139,0
549.4225093,320.36870509240396,0
550.6717608,321.3100159254086,0
547.7906008,376.6104354134343,0
547.5771004,385.68884653768663,0
552.6367486,385.9015929399979,0
545.844231,412.2611059,0
554.1433024,349.1140023810797,0
547.8216753,375.6246256503273,0
546.0562453,391.5014153126483,0
553.0459598,400.3740378105998,0
552.2945864,366.8870077499869,0
548.29751,385.96680653013505,0
549.4366617,412.2156095583674,0
553.952813,428.94019595829155,0
548.8609501,352.89084234054184,0
546.316181,433.6460556303463,0
551.5930834,365.3147131318315,0
551.0506611,356.9058435651109,0
546.8194553,436.0717678887411,0
548.2636692,416.6518975190995,0
549.1787429,377.3912060783781,0
547.9679221,391.97829055422517,0
550.7011052,413.9866409759064,0
541.6820261,406.4029812,0
549.3326314,447.4476280589422,0
542.5083357,391.5358348606207,0
541.9750949,357.60732095153276,0
548.4461701,387.17077573094184,0
544.0693775,444.2206921137569,0
545.3830523,372.82754811626313,0
547.5239723,389.97828129994843,0
542.6013561,399.33937217955724,0
548.9302077,368.90342503250724,0
547.8547778,372.17896700243966,0
547.9817524,439.2756686,0
546.7825155,410.97713532111237,0
546.8521909,423.1356145837607,0
547.5789089,405.97523323843785,0
542.2005841,410.99101608910195,0
549.4869577,376.3584621615373,0
544.9869889,358.9459333,0
545.7443205,381.6507837873928,0
547.7431886,422.18446862285066,0
545.0919309,399.8004119430752,0
551.0807553,348.37708200254747,0
548.3181686,427.39813091792604,0
542.0660764,428.1641889892514,0
550.6819844,425.4232887176487,0
543.4523234,344.23906955889134,0
543.0384014,333.05792062511136,0
550.5043168,356.39280942874194,0
546.3700446,421.1900350557969,0
543.7579375,330.1355365537735,0
542.8196647,383.6569880957447,0
551.1133285,340.99572017129753,0
544.0212594,328.19652877046383,0
547.8822144,354.23415935681254,0
548.8442772,381.50687996165044,0
550.7327902,371.74248039731754,0
550.669484,399.8196376495654,0
542.4322985,408.25753547031263,0
550.925394,402.55407138089276,0
549.3119681,388.9357321733259,0
550.5812682,364.09880121781003,0
547.4491473,382.8801592302718,0
549.7941883,350.3835043024707,0
542.0059756,368.2888401954556,0
543.0273554,424.91005031728207,0
546.4959215,383.7617359861251,0
550.2685503,345.0661246971393,0
544.8192859,396.93295465847484,0
541.9669608,378.3182830076566,0
546.8514799,428.3690765829806,0
549.710362,413.6801445,0
544.8215402,395.2008223447426,0
542.9462714,406.0475222811771,0
545.5053982,394.13767072526343,0
550.2831695,359.3735911062815,0
547.5403596,374.71180418920176,0
547.6964002,384.1563957590036,0
548.1539602,363.0793818732333,0
551.1610556,365.13956267474896,0
546.9487988,353.45734096729365,0
551.7034968,426.9829264224723,0
550.4757057,400.09382134327313,0
550.2279648,396.6139289163111,0
544.366919,395.72053496825004,0
551.5411704,378.6268694805024,0
551.4329618,335.6531661428575,0
542.9888511,409.4434441809215,0
564.1572102,230.0060801936443,1
557.9909899,252.96214461445993,1
558.0240989,221.75164889722578,1
564.8716182,229.6286010352158,1
558.9428109,273.58952641107385,1
565.6663812,298.76043664604407,1
558.9044724,308.37399183156015,1
565.3804775,297.0234901509882,1
563.860841,274.39772113370566,1
562.0548632,221.19646535484225,1
564.0191206,238.51715077270177,1
557.308991,309.8295932444322,1
562.1362829,271.57881558501356,1
564.5893432,244.97071901640766,1
563.8451082,253.26877736196988,1
563.1269332,244.73717185552164,1
563.771325,226.8162629955405,1
563.0208247,259.0720904906191,1
560.0409937,255.91355141216943,1
565.0336865,259.39195035146366,1
559.2952564,287.2680029156913,1
562.2356663,297.8411793353522,1
559.874193,226.7688963,1
563.4247902,272.11760538783705,1
557.2673375,305.9277601446805,1
557.2553078,300.9103724026839,1
558.0348018,266.50730097155065,1
561.7874045,303.0137581462292,1
566.6224798,271.0781300032294,1
563.9376691,275.6419319883412,1
563.5540223,238.42863780950262,1
566.1902008,262.93595976168604,1
564.1271838,277.13644161597426,1
560.8324776,266.7819855781165,1
560.1492528,250.33398060709425,1
562.3267043,255.25264040033085,1
564.8380655,296.5021073668162,1
558.1887432,227.36498668739216,1
566.2232816,280.8786760792074,1
561.3944254,252.21673037264156,1
566.2619013,229.62203997728716,1
563.7257249,219.98942773447135,1
558.5042466,286.6328906511907,1
562.1660098,275.3024159,1
561.3547383,232.03639766201815,1
562.215406,270.55630383002665,1
565.2656808,201.32880359556793,1
559.6569153,215.18799355116204,1
565.7471997,290.0555187842861,1
568.4336491,292.9256510330323,1
564.092849,294.53901438913846,1
558.7742797,262.6232882975704,1
563.6133467,269.95390871615894,1
568.3378923,283.56947453659654,1
561.6315031,272.71712,1
558.4610649,296.4686486214638,1
561.7953221,306.0535175046052,1
558.4778648,227.76130836893395,1
564.763984,249.9599252449553,1
559.946639,223.69197304397306,1
562.8319237,290.4913137313335,1
563.3430034,298.2829639,1
558.8081689,265.1241568742936,1
561.0398405,249.88803898760128,1
566.5997985,281.77788022389564,1
560.4402619,222.50621865778794,1
566.6804742,309.8997427476689,1
564.3397743,306.1120041736499,1
561.1192094,254.0389946003501,1
559.9856047,258.67242804300315,1
557.6113427,229.95445745104334,1
560.6638517,316.85467016416055,1
561.1812075,303.27365191240636,1
564.0312529,256.99755730588544,1
563.118998,223.0824998321786,1
567.1397617,254.24535635407733,1
565.4708388,262.8986340153234,1
564.8017036,270.2074685382828,1
561.1353557,285.2484662538103,1
566.2234282,214.45344882509207,1
567.1023389,270.5636792328354,1
561.6462322,214.6918626766421,1
561.2385891,250.90362937010536,1
562.0775679,213.14168885589908,1
562.002438,266.0989503540589,1
561.801014,288.41632580373175,1
559.8613072,204.05528417332818,1
567.634231,203.86694385442692,1
566.2015924,267.5192592501471,1
559.9048274,230.85287625104203,1
560.7693837,239.4609932656498,1
567.2111438,244.75098073047036,1
560.4824707,215.52350203477286,1
568.8828768,226.32207137703966,1
560.0642504,291.42505594753436,1
560.796043,211.81035693881446,1
568.1161119,286.9054520492973,1
566.9449174,218.7125377,1
562.1888504,251.8282469045301,1
566.9768857,263.0380760114701,1
563.184028,277.8720342599668,1
562.4511821,251.9016386874149,1
567.5712514,312.03829768161626,1
560.5027216,288.0082161142859,1
565.3948251,288.12137875323526,1
558.566007,283.6636344110051,1
558.0080696,295.6945229103775,1
556.8287873,230.09370660032906,1
558.6872019,313.90525152206976,1
564.1316105,365.24268932682355,1