996.0127058,393.01451385201693,0
916.2117622,408.6565848615271,0
992.0526012,372.02201357478293,0
969.1404645,401.8071594,0
926.2079859,338.51668220520173,0
996.4143943,354.1946331968146,0
979.3863531,414.43229606269244,0
969.3139371,408.06659564418663,0
920.1093924,394.8216765898479,0
924.1191708,367.85030508175623,0
910.8531367,364.0463180839984,0
942.7448851,411.3374508188923,0
1005.390835,344.2468508670495,0
969.9870399,366.0804550055338,0
993.9066881,378.01799726694344,0
965.212895,347.6738397,0
1009.120055,359.84631868236875,0
998.6871304,382.7215566260512,0
944.5499943,317.7993655113554,0
969.1362873,322.4817914341174,0
997.0391005,359.4994999223177,0
981.924084,406.5793762715041,0
997.3271821,407.19390734391925,0
962.4187003,402.33768729635705,0
982.8058242,348.77041753702235,0
973.3914849,396.1919795350139,0
974.2250926,320.36870509240396,0
986.7176077,321.3100159254086,0
957.906008,376.6104354134343,0
955.7710041,385.68884653768663,0
1006.367486,385.9015929399979,0
938.4423104,412.2611059,0
1021.433024,349.1140023810797,0
958.2167532,375.6246256503273,0
940.5624526,391.5014153126483,0
1010.459598,400.3740378105998,0
1002.945864,366.8870077499869,0
962.9750995,385.96680653013505,0
974.3666172,412.2156095583674,0
1019.52813,428.94019595829155,0
968.6095005,352.89084234054184,0
943.1618097,433.6460556303463,0
995.9308341,365.3147131318315,0
990.5066111,356.9058435651109,0
948.1945532,436.0717678887411,0
962.6366921,416.6518975190995,0
971.7874294,377.3912060783781,0
959.6792213,391.97829055422517,0
987.0110518,413.9866409759064,0
896.8202611,406.4029812,0
973.3263135,447.4476280589422,0
905.0833565,391.5358348606207,0
899.7509494,357.60732095153276,0
964.4617012,387.17077573094184,0
920.6937746,444.2206921137569,0
933.8305226,372.82754811626313,0
955.2397225,389.97828129994843,0
906.0135613,399.33937217955724,0
969.3020773,368.90342503250724,0
958.5477777,372.17896700243966,0
959.8175236,439.2756686,0
947.8251555,410.97713532111237,0
948.5219093,423.1356145837607,0
955.7890889,405.97523323843785,0
902.0058413,410.99101608910195,0
974.8695769,376.3584621615373,0
929.8698888,358.9459333,0
937.4432053,381.6507837873928,0
957.4318864,422.18446862285066,0
930.9193086,399.8004119430752,0
990.8075527,348.37708200254747,0
963.1816862,427.39813091792604,0
900.6607637,428.1641889892514,0
986.8198439,425.4232887176487,0
914.523234,344.23906955889134,0
910.3840144,333.05792062511136,0
985.0431677,356.39280942874194,0
943.7004461,421.1900350557969,0
917.5793754,330.1355365537735,0
908.1966466,383.6569880957447,0
991.1332852,340.99572017129753,0
920.2125937,328.19652877046383,0
958.8221441,354.23415935681254,0
968.4427715,381.50687996165044,0
987.327902,371.74248039731754,0
986.69484,399.8196376495654,0
904.3229851,408.25753547031263,0
989.2539398,402.55407138089276,0
973.1196808,388.9357321733259,0
985.8126816,364.09880121781003,0
954.4914727,382.8801592302718,0
977.9418829,350.3835043024707,0
900.0597558,368.2888401954556,0
910.2735537,424.91005031728207,0
944.9592155,383.7617359861251,0
982.6855028,345.0661246971393,0
928.1928586,396.93295465847484,0
899.6696077,378.3182830076566,0
948.5147986,428.3690765829806,0
977.10362,413.6801445,0
928.2154017,395.2008223447426,0
909.4627137,406.0475222811771,0
935.0539823,394.13767072526343,0
982.8316948,359.3735911062815,0
955.4035957,374.71180418920176,0
956.9640019,384.1563957590036,0
961.5396021,363.0793818732333,0
991.610556,365.13956267474896,0
949.4879876,353.45734096729365,0
997.0349678,426.9829264224723,0
984.7570572,400.09382134327313,0
982.2796482,396.6139289163111,0
923.6691903,395.72053496825004,0
995.4117036,378.6268694805024,0
994.3296181,335.6531661428575,0
909.8885106,409.4434441809215,0
1121.572102,230.0060801936443,1
1059.909899,252.96214461445993,1
1060.240989,221.75164889722578,1
1128.716182,229.6286010352158,1
1069.428109,273.58952641107385,1
1136.663812,298.76043664604407,1
1069.044724,308.37399183156015,1
1133.804775,297.0234901509882,1
1118.60841,274.39772113370566,1
1100.548632,221.19646535484225,1
1120.191206,238.51715077270177,1
1053.08991,309.8295932444322,1
1101.362829,271.57881558501356,1
1125.893432,244.97071901640766,1
1118.451082,253.26877736196988,1
1111.269332,244.73717185552164,1
1117.71325,226.8162629955405,1
1110.208247,259.0720904906191,1
1080.409937,255.91355141216943,1
1130.336865,259.39195035146366,1
1072.952564,287.2680029156913,1
1102.356663,297.8411793353522,1
1078.74193,226.7688963,1
1114.247902,272.11760538783705,1
1052.673375,305.9277601446805,1
1052.553078,300.9103724026839,1
1060.348018,266.50730097155065,1
1097.874045,303.0137581462292,1
1146.224798,271.0781300032294,1
1119.376691,275.6419319883412,1
1115.540223,238.42863780950262,1
1141.902008,262.93595976168604,1
1121.271838,277.13644161597426,1
1088.324776,266.7819855781165,1
1081.492528,250.33398060709425,1
1103.267043,255.25264040033085,1
1128.380655,296.5021073668162,1
1061.887432,227.36498668739216,1
1142.232816,280.8786760792074,1
1093.944254,252.21673037264156,1
1142.619013,229.62203997728716,1
1117.257249,219.98942773447135,1
1065.042466,286.6328906511907,1
1101.660098,275.3024159,1
1093.547383,232.03639766201815,1
1102.15406,270.55630383002665,1
1132.656808,201.32880359556793,1
1076.569153,215.18799355116204,1
1137.471997,290.0555187842861,1
1164.336491,292.9256510330323,1
1120.92849,294.53901438913846,1
1067.742797,262.6232882975704,1
1116.133467,269.95390871615894,1
1163.378923,283.56947453659654,1
1096.315031,272.71712,1
1064.610649,296.4686486214638,1
1097.953221,306.0535175046052,1
1064.778648,227.76130836893395,1
1127.63984,249.9599252449553,1
1079.46639,223.69197304397306,1
1108.319237,290.4913137313335,1
1113.430034,298.2829639,1
1068.081689,265.1241568742936,1
1090.398405,249.88803898760128,1
1145.997985,281.77788022389564,1
1084.402619,222.50621865778794,1
1146.804742,309.8997427476689,1
1123.397743,306.1120041736499,1
1091.192094,254.0389946003501,1
1079.856047,258.67242804300315,1
1056.113427,229.95445745104334,1
1086.638517,316.85467016416055,1
1091.812075,303.27365191240636,1
1120.312529,256.99755730588544,1
1111.18998,223.0824998321786,1
1151.397617,254.24535635407733,1
1134.708388,262.8986340153234,1
1128.017036,270.2074685382828,1
1091.353557,285.2484662538103,1
1142.234282,214.45344882509207,1
1151.023389,270.5636792328354,1
1096.462322,214.6918626766421,1
1092.385891,250.90362937010536,1
1100.775679,213.14168885589908,1
1100.02438,266.0989503540589,1
1098.01014,288.41632580373175,1
1078.613072,204.05528417332818,1
1156.34231,203.86694385442692,1
1142.015924,267.5192592501471,1
1079.048274,230.85287625104203,1
1087.693837,239.4609932656498,1
1152.111438,244.75098073047036,1
1084.824707,215.52350203477286,1
1168.828768,226.32207137703966,1
1080.642504,291.42505594753436,1
1087.96043,211.81035693881446,1
1161.161119,286.9054520492973,1
1149.449174,218.7125377,1
1101.888504,251.8282469045301,1
1149.768857,263.0380760114701,1
1111.84028,277.8720342599668,1
1104.511821,251.9016386874149,1
1155.712514,312.03829768161626,1
1085.027216,288.0082161142859,1
1133.948251,288.12137875323526,1
1065.66007,283.6636344110051,1
1060.080696,295.6945229103775,1
1048.287873,230.09370660032906,1
1066.872019,313.90525152206976,1
1121.316105,365.24268932682355,1
1163.990838,359.9565757703096,1
1118.916471,323.5690964815621,1
1022.005902,347.5270702974075,0
1091.964612,377.25497790508456,0
1000.654168,455.99645315560747,0
1074.479314,392.9014547086915,0
